0.01 3765
0.03 9183
0.05 13044
0.07 17726
0.09 22352
0.11 25567
0.13 22900
0.15 20371
0.17 18909
0.19 12399
0.21 8896
0.23 10730
0.25 5824
0.27 2509
0.29 2058
0.31 1396
0.33 821
0.35 188
0.37 559
0.39 197
0.41 192
0.43 139
0.45 126
0.47 147
0.49 115
0.51 151
0.53 66
0.55 108
0.57 126
0.59 102
0.61 115
0.63 92
0.65 189
0.67 78
0.69 82
0.71 49
0.73 53
0.75 54
0.77 66
0.79 149
0.81 112
0.83 211
0.85 188
0.87 83
0.89 66
0.91 37
0.93 33
0.95 27
0.97 27
0.99 10
1.01 3
1.03 0
1.05 30
1.07 22
1.09 3
1.11 26
1.13 25
1.15 2
1.17 15
1.19 13
1.21 33
1.23 4
1.25 0
1.27 0
1.29 0
1.31 0
1.33 0
1.35 0
1.37 0
1.39 0
1.41 0
1.43 0
1.45 0
1.47 0
1.49 0
1.51 0
1.53 0
1.55 0
1.57 0
1.59 0
1.61 0
1.63 0
1.65 0
1.67 0
1.69 0
1.71 0
1.73 0
1.75 0
1.77 0
1.79 0
1.81 0
1.83 0
1.85 0
1.87 0
1.89 0
1.91 0
1.93 0
1.95 0
1.97 0
1.99 0
