0 0 0
0 1 0
0 2 0
0 3 0
0 4 0
0 5 0
0 6 0
0 7 0
0 8 0
0 9 0
0 10 0
0 11 0
0 12 0
0 13 0
0 14 0
0 15 0
0 16 0
0 17 0
0 18 0
0 19 0
0 20 0
0 21 0
0 22 0
0 23 0
0 24 0
0 25 0
0 26 0
0 27 0
0 28 0
0 29 0
0 30 0
0 31 0
0 32 0
0 33 0
0 34 0
0 35 0
0 36 0
0 37 0
0 38 0
0 39 0
0 40 0
0 41 0
0 42 0
0 43 0
0 44 0
0 45 0
0 46 0
0 47 0
0 48 0
0 49 0
0 50 0
0 51 0
0 52 0
0 53 0
0 54 0
0 55 0
0 56 0
0 57 0
0 58 0
0 59 0
0 60 0
0 61 0
0 62 0
0 63 0
0 64 0
0 65 0
0 66 0
0 67 0
0 68 0
0 69 0
0 70 0
0 71 0
0 72 0
0 73 0
0 74 0
0 75 0
0 76 0
0 77 0
0 78 0
0 79 0
0 80 0
0 81 0
0 82 0
0 83 0
0 84 0
1 0 2
1 1 32
1 2 0
1 3 41
1 4 0
1 5 0
1 6 0
1 7 12
1 8 0
1 9 0
1 10 0
1 11 0
1 12 0
1 13 0
1 14 0
1 15 0
1 16 0
1 17 0
1 18 0
1 19 0
1 20 0
1 21 0
1 22 0
1 23 0
1 24 0
1 25 0
1 26 0
1 27 1
1 28 0
1 29 0
1 30 0
1 31 0
1 32 2
1 33 18
1 34 3
1 35 0
1 36 2
1 37 33
1 38 109
1 39 135
1 40 149
1 41 124
1 42 141
1 43 143
1 44 143
1 45 129
1 46 161
1 47 101
1 48 71
1 49 18
1 50 27
1 51 0
1 52 0
1 53 0
1 54 0
1 55 0
1 56 0
1 57 39
1 58 34
1 59 59
1 60 1
1 61 1
1 62 0
1 63 0
1 64 0
1 65 0
1 66 0
1 67 0
1 68 0
1 69 0
1 70 0
1 71 0
1 72 0
1 73 0
1 74 4
1 75 17
1 76 0
1 77 0
1 78 0
1 79 0
1 80 0
1 81 0
1 82 0
1 83 0
1 84 0
2 0 0
2 1 14
2 2 0
2 3 91
2 4 72
2 5 29
2 6 46
2 7 44
2 8 0
2 9 0
2 10 0
2 11 0
2 12 0
2 13 0
2 14 0
2 15 0
2 16 2
2 17 1
2 18 0
2 19 0
2 20 0
2 21 0
2 22 0
2 23 0
2 24 0
2 25 0
2 26 0
2 27 3
2 28 19
2 29 0
2 30 4
2 31 0
2 32 8
2 33 0
2 34 16
2 35 11
2 36 9
2 37 82
2 38 132
2 39 94
2 40 29
2 41 49
2 42 36
2 43 16
2 44 18
2 45 90
2 46 139
2 47 138
2 48 168
2 49 145
2 50 152
2 51 168
2 52 109
2 53 120
2 54 74
2 55 126
2 56 105
2 57 106
2 58 24
2 59 109
2 60 58
2 61 51
2 62 38
2 63 3
2 64 4
2 65 1
2 66 1
2 67 12
2 68 1
2 69 0
2 70 1
2 71 3
2 72 3
2 73 1
2 74 29
2 75 11
2 76 0
2 77 0
2 78 0
2 79 0
2 80 0
2 81 57
2 82 0
2 83 0
2 84 0
3 0 0
3 1 10
3 2 13
3 3 71
3 4 57
3 5 17
3 6 13
3 7 5
3 8 0
3 9 0
3 10 0
3 11 0
3 12 0
3 13 0
3 14 1
3 15 0
3 16 34
3 17 23
3 18 39
3 19 41
3 20 88
3 21 54
3 22 24
3 23 37
3 24 66
3 25 47
3 26 42
3 27 96
3 28 109
3 29 103
3 30 76
3 31 83
3 32 96
3 33 88
3 34 124
3 35 105
3 36 97
3 37 65
3 38 53
3 39 19
3 40 7
3 41 0
3 42 0
3 43 0
3 44 0
3 45 6
3 46 10
3 47 1
3 48 48
3 49 0
3 50 43
3 51 36
3 52 54
3 53 23
3 54 64
3 55 63
3 56 37
3 57 20
3 58 34
3 59 43
3 60 10
3 61 0
3 62 0
3 63 0
3 64 0
3 65 0
3 66 9
3 67 1
3 68 0
3 69 2
3 70 1
3 71 2
3 72 0
3 73 0
3 74 0
3 75 0
3 76 0
3 77 0
3 78 0
3 79 0
3 80 0
3 81 20
3 82 0
3 83 0
3 84 0
4 0 0
4 1 0
4 2 0
4 3 0
4 4 0
4 5 0
4 6 0
4 7 0
4 8 0
4 9 0
4 10 0
4 11 0
4 12 0
4 13 0
4 14 0
4 15 0
4 16 7
4 17 19
4 18 1
4 19 30
4 20 74
4 21 51
4 22 15
4 23 28
4 24 62
4 25 31
4 26 47
4 27 0
4 28 0
4 29 0
4 30 0
4 31 0
4 32 0
4 33 0
4 34 0
4 35 0
4 36 0
4 37 0
4 38 0
4 39 0
4 40 0
4 41 0
4 42 0
4 43 0
4 44 0
4 45 0
4 46 0
4 47 1
4 48 41
4 49 38
4 50 1
4 51 58
4 52 3
4 53 62
4 54 26
4 55 16
4 56 3
4 57 2
4 58 6
4 59 1
4 60 1
4 61 135
4 62 95
4 63 171
4 64 164
4 65 134
4 66 149
4 67 144
4 68 101
4 69 146
4 70 103
4 71 151
4 72 136
4 73 109
4 74 137
4 75 117
4 76 0
4 77 0
4 78 0
4 79 0
4 80 0
4 81 2
4 82 29
4 83 0
4 84 0
5 0 0
5 1 0
5 2 0
5 3 0
5 4 0
5 5 0
5 6 0
5 7 0
5 8 0
5 9 0
5 10 0
5 11 0
5 12 0
5 13 0
5 14 0
5 15 0
5 16 0
5 17 0
5 18 0
5 19 0
5 20 0
5 21 0
5 22 0
5 23 0
5 24 0
5 25 0
5 26 0
5 27 30
5 28 17
5 29 31
5 30 46
5 31 15
5 32 11
5 33 54
5 34 49
5 35 33
5 36 37
5 37 6
5 38 36
5 39 59
5 40 23
5 41 5
5 42 0
5 43 9
5 44 1
5 45 40
5 46 64
5 47 107
5 48 116
5 49 28
5 50 132
5 51 110
5 52 143
5 53 159
5 54 158
5 55 138
5 56 118
5 57 116
5 58 117
5 59 148
5 60 175
5 61 16
5 62 12
5 63 61
5 64 17
5 65 15
5 66 3
5 67 10
5 68 11
5 69 9
5 70 0
5 71 2
5 72 0
5 73 0
5 74 1
5 75 0
5 76 0
5 77 0
5 78 0
5 79 0
5 80 0
5 81 39
5 82 0
5 83 0
5 84 0
6 0 117
6 1 149
6 2 120
6 3 44
6 4 29
6 5 9
6 6 0
6 7 0
6 8 0
6 9 0
6 10 0
6 11 0
6 12 0
6 13 0
6 14 0
6 15 0
6 16 147
6 17 155
6 18 149
6 19 126
6 20 300
6 21 144
6 22 88
6 23 156
6 24 143
6 25 147
6 26 146
6 27 79
6 28 79
6 29 17
6 30 32
6 31 13
6 32 22
6 33 7
6 34 19
6 35 31
6 36 28
6 37 17
6 38 8
6 39 30
6 40 12
6 41 1
6 42 0
6 43 0
6 44 0
6 45 0
6 46 0
6 47 0
6 48 0
6 49 0
6 50 0
6 51 0
6 52 0
6 53 0
6 54 0
6 55 0
6 56 0
6 57 0
6 58 0
6 59 0
6 60 0
6 61 38
6 62 43
6 63 51
6 64 46
6 65 38
6 66 52
6 67 54
6 68 29
6 69 34
6 70 60
6 71 49
6 72 77
6 73 22
6 74 0
6 75 0
6 76 0
6 77 0
6 78 0
6 79 0
6 80 0
6 81 0
6 82 4
6 83 0
6 84 0
7 0 0
7 1 0
7 2 1
7 3 28
7 4 5
7 5 1
7 6 15
7 7 12
7 8 8
7 9 1
7 10 8
7 11 20
7 12 0
7 13 24
7 14 31
7 15 39
7 16 9
7 17 14
7 18 20
7 19 14
7 20 41
7 21 41
7 22 11
7 23 5
7 24 33
7 25 24
7 26 10
7 27 92
7 28 113
7 29 157
7 30 126
7 31 101
7 32 130
7 33 119
7 34 134
7 35 108
7 36 111
7 37 30
7 38 47
7 39 61
7 40 13
7 41 0
7 42 1
7 43 0
7 44 0
7 45 6
7 46 20
7 47 6
7 48 0
7 49 0
7 50 2
7 51 37
7 52 28
7 53 16
7 54 29
7 55 39
7 56 44
7 57 30
7 58 63
7 59 21
7 60 69
7 61 0
7 62 0
7 63 0
7 64 0
7 65 0
7 66 0
7 67 0
7 68 0
7 69 0
7 70 0
7 71 0
7 72 0
7 73 0
7 74 0
7 75 0
7 76 0
7 77 0
7 78 0
7 79 0
7 80 0
7 81 5
7 82 0
7 83 0
7 84 0
8 0 43
8 1 63
8 2 56
8 3 0
8 4 20
8 5 51
8 6 136
8 7 156
8 8 131
8 9 146
8 10 128
8 11 165
8 12 142
8 13 135
8 14 158
8 15 146
8 16 0
8 17 0
8 18 0
8 19 0
8 20 0
8 21 0
8 22 0
8 23 0
8 24 0
8 25 0
8 26 0
8 27 3
8 28 9
8 29 2
8 30 0
8 31 7
8 32 16
8 33 9
8 34 0
8 35 0
8 36 0
8 37 1
8 38 0
8 39 0
8 40 0
8 41 0
8 42 0
8 43 0
8 44 0
8 45 0
8 46 0
8 47 0
8 48 0
8 49 0
8 50 0
8 51 0
8 52 0
8 53 0
8 54 0
8 55 0
8 56 0
8 57 0
8 58 0
8 59 0
8 60 0
8 61 0
8 62 0
8 63 0
8 64 0
8 65 0
8 66 0
8 67 0
8 68 0
8 69 0
8 70 0
8 71 0
8 72 0
8 73 0
8 74 0
8 75 0
8 76 0
8 77 0
8 78 0
8 79 0
8 80 0
8 81 0
8 82 0
8 83 0
8 84 0
9 0 87
9 1 129
9 2 116
9 3 68
9 4 23
9 5 49
9 6 27
9 7 19
9 8 42
9 9 5
9 10 0
9 11 0
9 12 0
9 13 0
9 14 0
9 15 0
9 16 42
9 17 4
9 18 7
9 19 7
9 20 27
9 21 20
9 22 15
9 23 7
9 24 5
9 25 27
9 26 40
9 27 0
9 28 0
9 29 0
9 30 0
9 31 0
9 32 0
9 33 0
9 34 0
9 35 0
9 36 0
9 37 56
9 38 119
9 39 97
9 40 68
9 41 79
9 42 111
9 43 141
9 44 134
9 45 83
9 46 99
9 47 128
9 48 157
9 49 95
9 50 81
9 51 19
9 52 2
9 53 38
9 54 9
9 55 38
9 56 9
9 57 0
9 58 0
9 59 0
9 60 0
9 61 129
9 62 59
9 63 120
9 64 128
9 65 78
9 66 126
9 67 65
9 68 20
9 69 29
9 70 90
9 71 68
9 72 86
9 73 81
9 74 198
9 75 127
9 76 0
9 77 0
9 78 0
9 79 0
9 80 0
9 81 0
9 82 38
9 83 0
9 84 0
10 0 60
10 1 71
10 2 107
10 3 145
10 4 119
10 5 123
10 6 102
10 7 73
10 8 83
10 9 60
10 10 71
10 11 69
10 12 68
10 13 4
10 14 5
10 15 12
10 16 112
10 17 62
10 18 48
10 19 44
10 20 66
10 21 74
10 22 9
10 23 24
10 24 18
10 25 65
10 26 24
10 27 122
10 28 114
10 29 63
10 30 37
10 31 66
10 32 97
10 33 129
10 34 130
10 35 91
10 36 123
10 37 138
10 38 121
10 39 108
10 40 78
10 41 77
10 42 71
10 43 69
10 44 51
10 45 65
10 46 83
10 47 62
10 48 57
10 49 2
10 50 24
10 51 5
10 52 2
10 53 10
10 54 10
10 55 15
10 56 1
10 57 0
10 58 0
10 59 3
10 60 4
10 61 0
10 62 0
10 63 0
10 64 0
10 65 0
10 66 0
10 67 0
10 68 0
10 69 0
10 70 2
10 71 0
10 72 0
10 73 0
10 74 0
10 75 0
10 76 0
10 77 0
10 78 0
10 79 0
10 80 0
10 81 0
10 82 0
10 83 0
10 84 0
11 0 0
11 1 0
11 2 0
11 3 0
11 4 15
11 5 74
11 6 131
11 7 198
11 8 135
11 9 135
11 10 142
11 11 138
11 12 138
11 13 122
11 14 133
11 15 144
11 16 0
11 17 0
11 18 0
11 19 0
11 20 0
11 21 0
11 22 0
11 23 0
11 24 0
11 25 0
11 26 0
11 27 0
11 28 0
11 29 0
11 30 0
11 31 1
11 32 1
11 33 0
11 34 0
11 35 0
11 36 0
11 37 0
11 38 0
11 39 0
11 40 0
11 41 0
11 42 1
11 43 2
11 44 0
11 45 0
11 46 0
11 47 0
11 48 0
11 49 0
11 50 0
11 51 0
11 52 0
11 53 0
11 54 0
11 55 0
11 56 0
11 57 0
11 58 0
11 59 0
11 60 0
11 61 0
11 62 0
11 63 0
11 64 0
11 65 0
11 66 0
11 67 0
11 68 0
11 69 0
11 70 0
11 71 0
11 72 0
11 73 0
11 74 0
11 75 0
11 76 0
11 77 0
11 78 0
11 79 0
11 80 0
11 81 0
11 82 0
11 83 0
11 84 0
12 0 0
12 1 0
12 2 0
12 3 0
12 4 0
12 5 0
12 6 0
12 7 0
12 8 0
12 9 0
12 10 0
12 11 0
12 12 0
12 13 0
12 14 0
12 15 0
12 16 0
12 17 0
12 18 0
12 19 0
12 20 0
12 21 0
12 22 0
12 23 0
12 24 0
12 25 0
12 26 0
12 27 0
12 28 0
12 29 0
12 30 0
12 31 0
12 32 0
12 33 0
12 34 0
12 35 0
12 36 0
12 37 0
12 38 0
12 39 0
12 40 0
12 41 0
12 42 0
12 43 0
12 44 0
12 45 0
12 46 0
12 47 0
12 48 0
12 49 0
12 50 0
12 51 0
12 52 0
12 53 0
12 54 0
12 55 0
12 56 0
12 57 0
12 58 0
12 59 0
12 60 0
12 61 0
12 62 0
12 63 0
12 64 0
12 65 0
12 66 0
12 67 0
12 68 0
12 69 0
12 70 0
12 71 0
12 72 0
12 73 0
12 74 0
12 75 0
12 76 0
12 77 0
12 78 0
12 79 0
12 80 0
12 81 0
12 82 0
12 83 0
12 84 0
