0.1 -119 0
0.1 -117 0
0.1 -115 0
0.1 -113 0
0.1 -111 0
0.1 -109 0
0.1 -107 0
0.1 -105 0
0.1 -103 0
0.1 -101 0
0.1 -99 0
0.1 -97 0
0.1 -95 0
0.1 -93 0
0.1 -91 0
0.1 -89 0
0.1 -87 0
0.1 -85 0
0.1 -83 0
0.1 -81 0
0.1 -79 0
0.1 -77 0
0.1 -75 0
0.1 -73 0
0.1 -71 0
0.1 -69 0
0.1 -67 0
0.1 -65 0
0.1 -63 0
0.1 -61 0
0.1 -59 0
0.1 -57 0
0.1 -55 0
0.1 -53 0
0.1 -51 0
0.1 -49 0
0.1 -47 0
0.1 -45 0
0.1 -43 0
0.1 -41 0
0.1 -39 0
0.1 -37 0
0.1 -35 0
0.1 -33 0
0.1 -31 0
0.1 -29 0
0.1 -27 0
0.1 -25 0
0.1 -23 0
0.1 -21 0
0.3 -119 0
0.3 -117 0
0.3 -115 0
0.3 -113 0
0.3 -111 0
0.3 -109 0
0.3 -107 0
0.3 -105 0
0.3 -103 0
0.3 -101 0
0.3 -99 0
0.3 -97 0
0.3 -95 0
0.3 -93 0
0.3 -91 0
0.3 -89 0
0.3 -87 0
0.3 -85 0
0.3 -83 0
0.3 -81 0
0.3 -79 0
0.3 -77 0
0.3 -75 0
0.3 -73 0
0.3 -71 0
0.3 -69 0
0.3 -67 0
0.3 -65 0
0.3 -63 0
0.3 -61 0.0743303
0.3 -59 0
0.3 -57 0
0.3 -55 0
0.3 -53 0
0.3 -51 0
0.3 -49 0
0.3 -47 0
0.3 -45 0
0.3 -43 0
0.3 -41 0
0.3 -39 0
0.3 -37 0
0.3 -35 0
0.3 -33 0
0.3 -31 0
0.3 -29 0
0.3 -27 0
0.3 -25 0
0.3 -23 0
0.3 -21 0
0.5 -119 0
0.5 -117 0
0.5 -115 0
0.5 -113 0
0.5 -111 0
0.5 -109 0
0.5 -107 0
0.5 -105 0
0.5 -103 0
0.5 -101 0
0.5 -99 0
0.5 -97 0
0.5 -95 0
0.5 -93 0
0.5 -91 0
0.5 -89 0
0.5 -87 0
0.5 -85 0
0.5 -83 0
0.5 -81 0
0.5 -79 0
0.5 -77 0
0.5 -75 0
0.5 -73 0
0.5 -71 0
0.5 -69 0
0.5 -67 0
0.5 -65 0
0.5 -63 3.13289
0.5 -61 2.81966
0.5 -59 2.61004
0.5 -57 0.619591
0.5 -55 0.67901
0.5 -53 0.887682
0.5 -51 1.40728
0.5 -49 0
0.5 -47 0
0.5 -45 0
0.5 -43 0
0.5 -41 0
0.5 -39 0
0.5 -37 0
0.5 -35 0
0.5 -33 0
0.5 -31 0
0.5 -29 0
0.5 -27 0
0.5 -25 0
0.5 -23 0
0.5 -21 0
0.7 -119 0
0.7 -117 0
0.7 -115 0
0.7 -113 0
0.7 -111 0
0.7 -109 0
0.7 -107 0
0.7 -105 0
0.7 -103 0
0.7 -101 0
0.7 -99 0
0.7 -97 0
0.7 -95 0
0.7 -93 0
0.7 -91 0
0.7 -89 0
0.7 -87 0
0.7 -85 0
0.7 -83 0
0.7 -81 0
0.7 -79 0
0.7 -77 0
0.7 -75 0
0.7 -73 0
0.7 -71 0
0.7 -69 0
0.7 -67 0
0.7 -65 0
0.7 -63 0.965476
0.7 -61 2.48158
0.7 -59 1.6657
0.7 -57 0.52964
0.7 -55 0.140014
0.7 -53 0.775167
0.7 -51 0.445423
0.7 -49 0
0.7 -47 0
0.7 -45 0
0.7 -43 0
0.7 -41 0
0.7 -39 0
0.7 -37 0
0.7 -35 0
0.7 -33 0
0.7 -31 0
0.7 -29 0
0.7 -27 0
0.7 -25 0
0.7 -23 0
0.7 -21 0
0.9 -119 0
0.9 -117 0
0.9 -115 0
0.9 -113 0
0.9 -111 0
0.9 -109 0
0.9 -107 0
0.9 -105 0
0.9 -103 0
0.9 -101 0
0.9 -99 0
0.9 -97 0
0.9 -95 0
0.9 -93 0
0.9 -91 0
0.9 -89 0
0.9 -87 0
0.9 -85 0
0.9 -83 0
0.9 -81 0
0.9 -79 0
0.9 -77 0
0.9 -75 0
0.9 -73 0
0.9 -71 0
0.9 -69 0
0.9 -67 0
0.9 -65 0
0.9 -63 5.69884
0.9 -61 7.76048
0.9 -59 1.7741
0.9 -57 0.768172
0.9 -55 1.94922
0.9 -53 0.690867
0.9 -51 0.322047
0.9 -49 0
0.9 -47 0
0.9 -45 0
0.9 -43 0
0.9 -41 0
0.9 -39 0
0.9 -37 0
0.9 -35 0
0.9 -33 0
0.9 -31 0
0.9 -29 0
0.9 -27 0
0.9 -25 0
0.9 -23 0
0.9 -21 0
1.1 -119 0
1.1 -117 0
1.1 -115 0
1.1 -113 0
1.1 -111 0
1.1 -109 0
1.1 -107 0
1.1 -105 0
1.1 -103 0
1.1 -101 0
1.1 -99 0
1.1 -97 0
1.1 -95 0
1.1 -93 0
1.1 -91 0
1.1 -89 0
1.1 -87 0
1.1 -85 0
1.1 -83 0
1.1 -81 0
1.1 -79 0
1.1 -77 0
1.1 -75 0
1.1 -73 0
1.1 -71 0
1.1 -69 0
1.1 -67 0
1.1 -65 0
1.1 -63 2.67346
1.1 -61 2.69933
1.1 -59 1.21704
1.1 -57 1.84243
1.1 -55 2.55148
1.1 -53 0.161988
1.1 -51 0.921222
1.1 -49 0
1.1 -47 0
1.1 -45 0
1.1 -43 0
1.1 -41 0
1.1 -39 0
1.1 -37 0
1.1 -35 0
1.1 -33 0
1.1 -31 0
1.1 -29 0
1.1 -27 0
1.1 -25 0
1.1 -23 0
1.1 -21 0
1.3 -119 0
1.3 -117 0
1.3 -115 0
1.3 -113 0
1.3 -111 0
1.3 -109 0
1.3 -107 0
1.3 -105 0
1.3 -103 0
1.3 -101 0
1.3 -99 0
1.3 -97 0
1.3 -95 0
1.3 -93 0
1.3 -91 0
1.3 -89 0
1.3 -87 0
1.3 -85 0
1.3 -83 0
1.3 -81 0
1.3 -79 0
1.3 -77 0
1.3 -75 0
1.3 -73 0
1.3 -71 0
1.3 -69 0
1.3 -67 0
1.3 -65 0
1.3 -63 6.68288
1.3 -61 8.60305
1.3 -59 5.35929
1.3 -57 1.89194
1.3 -55 2.49988
1.3 -53 1.62719
1.3 -51 1.35426
1.3 -49 0
1.3 -47 0
1.3 -45 0
1.3 -43 0
1.3 -41 0
1.3 -39 0
1.3 -37 0
1.3 -35 0
1.3 -33 0
1.3 -31 0
1.3 -29 0
1.3 -27 0
1.3 -25 0
1.3 -23 0
1.3 -21 0
1.5 -119 0
1.5 -117 0
1.5 -115 0
1.5 -113 0
1.5 -111 0
1.5 -109 0
1.5 -107 0
1.5 -105 0
1.5 -103 0
1.5 -101 0
1.5 -99 0
1.5 -97 0
1.5 -95 0
1.5 -93 0
1.5 -91 0
1.5 -89 0
1.5 -87 0
1.5 -85 0
1.5 -83 0
1.5 -81 0
1.5 -79 0
1.5 -77 0
1.5 -75 0
1.5 -73 0
1.5 -71 0
1.5 -69 0
1.5 -67 0
1.5 -65 0
1.5 -63 2.75306
1.5 -61 2.93324
1.5 -59 6.28867
1.5 -57 4.37823
1.5 -55 0.884684
1.5 -53 0.0851469
1.5 -51 2.17316
1.5 -49 0
1.5 -47 0
1.5 -45 0
1.5 -43 0
1.5 -41 0
1.5 -39 0
1.5 -37 0
1.5 -35 0
1.5 -33 0
1.5 -31 0
1.5 -29 0
1.5 -27 0
1.5 -25 0
1.5 -23 0
1.5 -21 0
1.7 -119 0
1.7 -117 0
1.7 -115 0
1.7 -113 0
1.7 -111 0
1.7 -109 0
1.7 -107 0
1.7 -105 0
1.7 -103 0
1.7 -101 0
1.7 -99 0
1.7 -97 0
1.7 -95 0
1.7 -93 0
1.7 -91 0
1.7 -89 0
1.7 -87 0
1.7 -85 0
1.7 -83 0
1.7 -81 0
1.7 -79 0
1.7 -77 0
1.7 -75 0
1.7 -73 0
1.7 -71 0
1.7 -69 0
1.7 -67 0
1.7 -65 0
1.7 -63 14.9495
1.7 -61 17.5071
1.7 -59 12.24
1.7 -57 11.6365
1.7 -55 5.85831
1.7 -53 3.89157
1.7 -51 4.18017
1.7 -49 0
1.7 -47 0
1.7 -45 0
1.7 -43 0
1.7 -41 0
1.7 -39 0
1.7 -37 0
1.7 -35 0
1.7 -33 0
1.7 -31 0
1.7 -29 0
1.7 -27 0
1.7 -25 0
1.7 -23 0
1.7 -21 0
1.9 -119 0
1.9 -117 0
1.9 -115 0
1.9 -113 0
1.9 -111 0
1.9 -109 0
1.9 -107 0
1.9 -105 0
1.9 -103 0
1.9 -101 0
1.9 -99 0
1.9 -97 0
1.9 -95 0
1.9 -93 0
1.9 -91 0
1.9 -89 0
1.9 -87 0
1.9 -85 0
1.9 -83 0
1.9 -81 0
1.9 -79 0
1.9 -77 0
1.9 -75 0
1.9 -73 0
1.9 -71 0
1.9 -69 0
1.9 -67 0
1.9 -65 0
1.9 -63 7.49437
1.9 -61 9.14515
1.9 -59 10.2898
1.9 -57 6.67435
1.9 -55 6.4073
1.9 -53 1.79382
1.9 -51 2.82817
1.9 -49 0
1.9 -47 0
1.9 -45 0
1.9 -43 0
1.9 -41 0
1.9 -39 0
1.9 -37 0
1.9 -35 0
1.9 -33 0
1.9 -31 0
1.9 -29 0
1.9 -27 0
1.9 -25 0
1.9 -23 0
1.9 -21 0
2.1 -119 0
2.1 -117 0
2.1 -115 0
2.1 -113 0
2.1 -111 0
2.1 -109 0
2.1 -107 0
2.1 -105 0
2.1 -103 0
2.1 -101 0
2.1 -99 0
2.1 -97 0
2.1 -95 0
2.1 -93 0
2.1 -91 0
2.1 -89 0
2.1 -87 0
2.1 -85 0
2.1 -83 0
2.1 -81 0
2.1 -79 0
2.1 -77 0
2.1 -75 0
2.1 -73 0
2.1 -71 0
2.1 -69 0
2.1 -67 0
2.1 -65 0
2.1 -63 4.10576
2.1 -61 10.1077
2.1 -59 6.51721
2.1 -57 8.83267
2.1 -55 6.49825
2.1 -53 10.3272
2.1 -51 5.06012
2.1 -49 0
2.1 -47 0
2.1 -45 0
2.1 -43 0
2.1 -41 0
2.1 -39 0
2.1 -37 0
2.1 -35 0
2.1 -33 0
2.1 -31 0
2.1 -29 0
2.1 -27 0
2.1 -25 0
2.1 -23 0
2.1 -21 0
2.3 -119 0
2.3 -117 0
2.3 -115 0
2.3 -113 0
2.3 -111 0
2.3 -109 0
2.3 -107 0
2.3 -105 0
2.3 -103 0
2.3 -101 0
2.3 -99 0
2.3 -97 0
2.3 -95 0
2.3 -93 0
2.3 -91 0
2.3 -89 0
2.3 -87 0
2.3 -85 0
2.3 -83 0
2.3 -81 0
2.3 -79 0
2.3 -77 0
2.3 -75 0
2.3 -73 0
2.3 -71 0
2.3 -69 0
2.3 -67 0
2.3 -65 0
2.3 -63 12.7189
2.3 -61 13.3858
2.3 -59 15.3235
2.3 -57 9.46431
2.3 -55 7.28547
2.3 -53 1.91278
2.3 -51 2.16941
2.3 -49 0
2.3 -47 0
2.3 -45 0
2.3 -43 0
2.3 -41 0
2.3 -39 0
2.3 -37 0
2.3 -35 0
2.3 -33 0
2.3 -31 0
2.3 -29 0
2.3 -27 0
2.3 -25 0
2.3 -23 0
2.3 -21 0
2.5 -119 0
2.5 -117 0
2.5 -115 0
2.5 -113 0
2.5 -111 0
2.5 -109 0
2.5 -107 0
2.5 -105 0
2.5 -103 0
2.5 -101 0
2.5 -99 0
2.5 -97 0
2.5 -95 0
2.5 -93 0
2.5 -91 0
2.5 -89 0
2.5 -87 0
2.5 -85 0
2.5 -83 0
2.5 -81 0
2.5 -79 0
2.5 -77 0
2.5 -75 0
2.5 -73 0
2.5 -71 0
2.5 -69 0
2.5 -67 0
2.5 -65 0
2.5 -63 7.2541
2.5 -61 9.05749
2.5 -59 8.93913
2.5 -57 13.6045
2.5 -55 7.10325
2.5 -53 5.59119
2.5 -51 3.88831
2.5 -49 0
2.5 -47 0
2.5 -45 0
2.5 -43 0
2.5 -41 0
2.5 -39 0
2.5 -37 0
2.5 -35 0
2.5 -33 0
2.5 -31 0
2.5 -29 0
2.5 -27 0
2.5 -25 0
2.5 -23 0
2.5 -21 0
2.7 -119 0
2.7 -117 0
2.7 -115 0
2.7 -113 0
2.7 -111 0
2.7 -109 0
2.7 -107 0
2.7 -105 0
2.7 -103 0
2.7 -101 0
2.7 -99 0
2.7 -97 0
2.7 -95 0
2.7 -93 0
2.7 -91 0
2.7 -89 0
2.7 -87 0
2.7 -85 0
2.7 -83 0
2.7 -81 0
2.7 -79 0
2.7 -77 0
2.7 -75 0
2.7 -73 0
2.7 -71 0
2.7 -69 0
2.7 -67 0
2.7 -65 0
2.7 -63 10.0525
2.7 -61 9.57131
2.7 -59 6.73517
2.7 -57 4.87802
2.7 -55 4.98191
2.7 -53 4.13834
2.7 -51 3.87667
2.7 -49 0
2.7 -47 0
2.7 -45 0
2.7 -43 0
2.7 -41 0
2.7 -39 0
2.7 -37 0
2.7 -35 0
2.7 -33 0
2.7 -31 0
2.7 -29 0
2.7 -27 0
2.7 -25 0
2.7 -23 0
2.7 -21 0
2.9 -119 0
2.9 -117 0
2.9 -115 0
2.9 -113 0
2.9 -111 0
2.9 -109 0
2.9 -107 0
2.9 -105 0
2.9 -103 0
2.9 -101 0
2.9 -99 0
2.9 -97 0
2.9 -95 0
2.9 -93 0
2.9 -91 0
2.9 -89 0
2.9 -87 0
2.9 -85 0
2.9 -83 0
2.9 -81 0
2.9 -79 0
2.9 -77 0
2.9 -75 0
2.9 -73 0
2.9 -71 0
2.9 -69 0
2.9 -67 0
2.9 -65 0
2.9 -63 14.1289
2.9 -61 7.54464
2.9 -59 5.68776
2.9 -57 9.0577
2.9 -55 7.6694
2.9 -53 6.4568
2.9 -51 6.37066
2.9 -49 0
2.9 -47 0
2.9 -45 0
2.9 -43 0
2.9 -41 0
2.9 -39 0
2.9 -37 0
2.9 -35 0
2.9 -33 0
2.9 -31 0
2.9 -29 0
2.9 -27 0
2.9 -25 0
2.9 -23 0
2.9 -21 0
3.1 -119 0
3.1 -117 0
3.1 -115 0
3.1 -113 0
3.1 -111 0
3.1 -109 0
3.1 -107 0
3.1 -105 0
3.1 -103 0
3.1 -101 0
3.1 -99 0
3.1 -97 0
3.1 -95 0
3.1 -93 0
3.1 -91 0
3.1 -89 0
3.1 -87 0
3.1 -85 0
3.1 -83 0
3.1 -81 0
3.1 -79 0
3.1 -77 0
3.1 -75 0
3.1 -73 0
3.1 -71 0
3.1 -69 0
3.1 -67 0
3.1 -65 0
3.1 -63 5.48292
3.1 -61 4.7251
3.1 -59 6.60411
3.1 -57 5.48661
3.1 -55 3.12805
3.1 -53 3.67481
3.1 -51 1.86777
3.1 -49 0
3.1 -47 0
3.1 -45 0
3.1 -43 0
3.1 -41 0
3.1 -39 0
3.1 -37 0
3.1 -35 0
3.1 -33 0
3.1 -31 0
3.1 -29 0
3.1 -27 0
3.1 -25 0
3.1 -23 0
3.1 -21 0
3.3 -119 0
3.3 -117 0
3.3 -115 0
3.3 -113 0
3.3 -111 0
3.3 -109 0
3.3 -107 0
3.3 -105 0
3.3 -103 0
3.3 -101 0
3.3 -99 0
3.3 -97 0
3.3 -95 0
3.3 -93 0
3.3 -91 0
3.3 -89 0
3.3 -87 0
3.3 -85 0
3.3 -83 0
3.3 -81 0
3.3 -79 0
3.3 -77 0
3.3 -75 0
3.3 -73 0
3.3 -71 0
3.3 -69 0
3.3 -67 0
3.3 -65 0
3.3 -63 13.2655
3.3 -61 15.3854
3.3 -59 8.42726
3.3 -57 7.97952
3.3 -55 16.9698
3.3 -53 8.26768
3.3 -51 8.66065
3.3 -49 0
3.3 -47 0
3.3 -45 0
3.3 -43 0
3.3 -41 0
3.3 -39 0
3.3 -37 0
3.3 -35 0
3.3 -33 0
3.3 -31 0
3.3 -29 0
3.3 -27 0
3.3 -25 0
3.3 -23 0
3.3 -21 0
3.5 -119 0
3.5 -117 0
3.5 -115 0
3.5 -113 0
3.5 -111 0
3.5 -109 0
3.5 -107 0
3.5 -105 0
3.5 -103 0
3.5 -101 0
3.5 -99 0
3.5 -97 0
3.5 -95 0
3.5 -93 0
3.5 -91 0
3.5 -89 0
3.5 -87 0
3.5 -85 0
3.5 -83 0
3.5 -81 0
3.5 -79 0
3.5 -77 0
3.5 -75 0
3.5 -73 0
3.5 -71 0
3.5 -69 0
3.5 -67 0
3.5 -65 0
3.5 -63 15.1853
3.5 -61 18.556
3.5 -59 16.6383
3.5 -57 8.89147
3.5 -55 4.58011
3.5 -53 9.66898
3.5 -51 10.5273
3.5 -49 0
3.5 -47 0
3.5 -45 0
3.5 -43 0
3.5 -41 0
3.5 -39 0
3.5 -37 0
3.5 -35 0
3.5 -33 0
3.5 -31 0
3.5 -29 0
3.5 -27 0
3.5 -25 0
3.5 -23 0
3.5 -21 0
3.7 -119 0
3.7 -117 0
3.7 -115 0
3.7 -113 0
3.7 -111 0
3.7 -109 0
3.7 -107 0
3.7 -105 0
3.7 -103 0
3.7 -101 0
3.7 -99 0
3.7 -97 0
3.7 -95 0
3.7 -93 0
3.7 -91 0
3.7 -89 0
3.7 -87 0
3.7 -85 0
3.7 -83 0
3.7 -81 0
3.7 -79 0
3.7 -77 0
3.7 -75 0
3.7 -73 0
3.7 -71 0
3.7 -69 0
3.7 -67 0
3.7 -65 0
3.7 -63 14.8717
3.7 -61 35.9113
3.7 -59 39.5619
3.7 -57 27.1099
3.7 -55 23.9322
3.7 -53 19.4872
3.7 -51 14.9326
3.7 -49 0
3.7 -47 0
3.7 -45 0
3.7 -43 0
3.7 -41 0
3.7 -39 0
3.7 -37 0
3.7 -35 0
3.7 -33 0
3.7 -31 0
3.7 -29 0
3.7 -27 0
3.7 -25 0
3.7 -23 0
3.7 -21 0
3.9 -119 0
3.9 -117 0
3.9 -115 0
3.9 -113 0
3.9 -111 0
3.9 -109 0
3.9 -107 0
3.9 -105 0
3.9 -103 0
3.9 -101 0
3.9 -99 0
3.9 -97 0
3.9 -95 0
3.9 -93 0
3.9 -91 0
3.9 -89 0
3.9 -87 0
3.9 -85 0
3.9 -83 0
3.9 -81 0
3.9 -79 0
3.9 -77 0
3.9 -75 0
3.9 -73 0
3.9 -71 0
3.9 -69 0
3.9 -67 0
3.9 -65 0
3.9 -63 31.6111
3.9 -61 40.9757
3.9 -59 51.8316
3.9 -57 29.6894
3.9 -55 15.5356
3.9 -53 8.87523
3.9 -51 9.03644
3.9 -49 0
3.9 -47 0
3.9 -45 0
3.9 -43 0
3.9 -41 0
3.9 -39 0
3.9 -37 0
3.9 -35 0
3.9 -33 0
3.9 -31 0
3.9 -29 0
3.9 -27 0
3.9 -25 0
3.9 -23 0
3.9 -21 0
4.1 -119 0
4.1 -117 0
4.1 -115 0
4.1 -113 0
4.1 -111 0
4.1 -109 0
4.1 -107 0
4.1 -105 0
4.1 -103 0
4.1 -101 0
4.1 -99 0
4.1 -97 0
4.1 -95 0
4.1 -93 0
4.1 -91 0
4.1 -89 0
4.1 -87 0
4.1 -85 0
4.1 -83 0
4.1 -81 0
4.1 -79 0
4.1 -77 0
4.1 -75 0
4.1 -73 0
4.1 -71 0
4.1 -69 0
4.1 -67 0
4.1 -65 0
4.1 -63 37.4718
4.1 -61 40.8955
4.1 -59 40.1124
4.1 -57 33.8086
4.1 -55 16.9157
4.1 -53 13.5954
4.1 -51 13.8369
4.1 -49 0
4.1 -47 0
4.1 -45 0
4.1 -43 0
4.1 -41 0
4.1 -39 0
4.1 -37 0
4.1 -35 0
4.1 -33 0
4.1 -31 0
4.1 -29 0
4.1 -27 0
4.1 -25 0
4.1 -23 0
4.1 -21 0
4.3 -119 0
4.3 -117 0
4.3 -115 0
4.3 -113 0
4.3 -111 0
4.3 -109 0
4.3 -107 0
4.3 -105 0
4.3 -103 0
4.3 -101 0
4.3 -99 0
4.3 -97 0
4.3 -95 0
4.3 -93 0
4.3 -91 0
4.3 -89 0
4.3 -87 0
4.3 -85 0
4.3 -83 0
4.3 -81 0
4.3 -79 0
4.3 -77 0
4.3 -75 0
4.3 -73 0
4.3 -71 0
4.3 -69 0
4.3 -67 0
4.3 -65 0
4.3 -63 33.3872
4.3 -61 37.3226
4.3 -59 26.8319
4.3 -57 30.6299
4.3 -55 15.2165
4.3 -53 19.742
4.3 -51 8.49508
4.3 -49 0
4.3 -47 0
4.3 -45 0
4.3 -43 0
4.3 -41 0
4.3 -39 0
4.3 -37 0
4.3 -35 0
4.3 -33 0
4.3 -31 0
4.3 -29 0
4.3 -27 0
4.3 -25 0
4.3 -23 0
4.3 -21 0
4.5 -119 0
4.5 -117 0
4.5 -115 0
4.5 -113 0
4.5 -111 0
4.5 -109 0
4.5 -107 0
4.5 -105 0
4.5 -103 0
4.5 -101 0
4.5 -99 0
4.5 -97 0
4.5 -95 0
4.5 -93 0
4.5 -91 0
4.5 -89 0
4.5 -87 0
4.5 -85 0
4.5 -83 0
4.5 -81 0
4.5 -79 0
4.5 -77 0
4.5 -75 0
4.5 -73 0
4.5 -71 0
4.5 -69 0
4.5 -67 0
4.5 -65 0
4.5 -63 22.7509
4.5 -61 34.7473
4.5 -59 36.7178
4.5 -57 31.4689
4.5 -55 19.0387
4.5 -53 12.3296
4.5 -51 12.4422
4.5 -49 0
4.5 -47 0
4.5 -45 0
4.5 -43 0
4.5 -41 0
4.5 -39 0
4.5 -37 0
4.5 -35 0
4.5 -33 0
4.5 -31 0
4.5 -29 0
4.5 -27 0
4.5 -25 0
4.5 -23 0
4.5 -21 0
4.7 -119 0
4.7 -117 0
4.7 -115 0
4.7 -113 0
4.7 -111 0
4.7 -109 0
4.7 -107 0
4.7 -105 0
4.7 -103 0
4.7 -101 0
4.7 -99 0
4.7 -97 0
4.7 -95 0
4.7 -93 0
4.7 -91 0
4.7 -89 0
4.7 -87 0
4.7 -85 0
4.7 -83 0
4.7 -81 0
4.7 -79 0
4.7 -77 0
4.7 -75 0
4.7 -73 0
4.7 -71 0
4.7 -69 0
4.7 -67 0
4.7 -65 0
4.7 -63 16.4452
4.7 -61 26.3798
4.7 -59 29.816
4.7 -57 14.3349
4.7 -55 8.6784
4.7 -53 10.5393
4.7 -51 9.08284
4.7 -49 0
4.7 -47 0
4.7 -45 0
4.7 -43 0
4.7 -41 0
4.7 -39 0
4.7 -37 0
4.7 -35 0
4.7 -33 0
4.7 -31 0
4.7 -29 0
4.7 -27 0
4.7 -25 0
4.7 -23 0
4.7 -21 0
4.9 -119 0
4.9 -117 0
4.9 -115 0
4.9 -113 0
4.9 -111 0
4.9 -109 0
4.9 -107 0
4.9 -105 0
4.9 -103 0
4.9 -101 0
4.9 -99 0
4.9 -97 0
4.9 -95 0
4.9 -93 0
4.9 -91 0
4.9 -89 0
4.9 -87 0
4.9 -85 0
4.9 -83 0
4.9 -81 0
4.9 -79 0
4.9 -77 0
4.9 -75 0
4.9 -73 0
4.9 -71 0
4.9 -69 0
4.9 -67 0
4.9 -65 0
4.9 -63 23.6213
4.9 -61 30.5012
4.9 -59 24.1167
4.9 -57 20.4414
4.9 -55 19.3855
4.9 -53 23.0073
4.9 -51 17.1211
4.9 -49 0
4.9 -47 0
4.9 -45 0
4.9 -43 0
4.9 -41 0
4.9 -39 0
4.9 -37 0
4.9 -35 0
4.9 -33 0
4.9 -31 0
4.9 -29 0
4.9 -27 0
4.9 -25 0
4.9 -23 0
4.9 -21 0
5.1 -119 0
5.1 -117 0
5.1 -115 0
5.1 -113 0
5.1 -111 0
5.1 -109 0
5.1 -107 0
5.1 -105 0
5.1 -103 0
5.1 -101 0
5.1 -99 0
5.1 -97 0
5.1 -95 0
5.1 -93 0
5.1 -91 0
5.1 -89 0
5.1 -87 0
5.1 -85 0
5.1 -83 0
5.1 -81 0
5.1 -79 0
5.1 -77 0
5.1 -75 0
5.1 -73 0
5.1 -71 0
5.1 -69 0
5.1 -67 0
5.1 -65 0
5.1 -63 21.5121
5.1 -61 33.1684
5.1 -59 36.6877
5.1 -57 27.0516
5.1 -55 22.5589
5.1 -53 22.6074
5.1 -51 15.2328
5.1 -49 0
5.1 -47 0
5.1 -45 0
5.1 -43 0
5.1 -41 0
5.1 -39 0
5.1 -37 0
5.1 -35 0
5.1 -33 0
5.1 -31 0
5.1 -29 0
5.1 -27 0
5.1 -25 0
5.1 -23 0
5.1 -21 0
5.3 -119 0
5.3 -117 0
5.3 -115 0
5.3 -113 0
5.3 -111 0
5.3 -109 0
5.3 -107 0
5.3 -105 0
5.3 -103 0
5.3 -101 0
5.3 -99 0
5.3 -97 0
5.3 -95 0
5.3 -93 0
5.3 -91 0
5.3 -89 0
5.3 -87 0
5.3 -85 0
5.3 -83 0
5.3 -81 0
5.3 -79 0
5.3 -77 0
5.3 -75 0
5.3 -73 0
5.3 -71 0
5.3 -69 0
5.3 -67 0
5.3 -65 0
5.3 -63 20.5581
5.3 -61 23.5423
5.3 -59 16.6397
5.3 -57 18.1243
5.3 -55 10.4228
5.3 -53 9.66538
5.3 -51 8.13004
5.3 -49 0
5.3 -47 0
5.3 -45 0
5.3 -43 0
5.3 -41 0
5.3 -39 0
5.3 -37 0
5.3 -35 0
5.3 -33 0
5.3 -31 0
5.3 -29 0
5.3 -27 0
5.3 -25 0
5.3 -23 0
5.3 -21 0
5.5 -119 0
5.5 -117 0
5.5 -115 0
5.5 -113 0
5.5 -111 0
5.5 -109 0
5.5 -107 0
5.5 -105 0
5.5 -103 0
5.5 -101 0
5.5 -99 0
5.5 -97 0
5.5 -95 0
5.5 -93 0
5.5 -91 0
5.5 -89 0
5.5 -87 0
5.5 -85 0
5.5 -83 0
5.5 -81 0
5.5 -79 0
5.5 -77 0
5.5 -75 0
5.5 -73 0
5.5 -71 0
5.5 -69 0
5.5 -67 0
5.5 -65 0
5.5 -63 21.0567
5.5 -61 26.4889
5.5 -59 24.8235
5.5 -57 17.7343
5.5 -55 13.0413
5.5 -53 18.6403
5.5 -51 17.0076
5.5 -49 0
5.5 -47 0
5.5 -45 0
5.5 -43 0
5.5 -41 0
5.5 -39 0
5.5 -37 0
5.5 -35 0
5.5 -33 0
5.5 -31 0
5.5 -29 0
5.5 -27 0
5.5 -25 0
5.5 -23 0
5.5 -21 0
5.7 -119 0
5.7 -117 0
5.7 -115 0
5.7 -113 0
5.7 -111 0
5.7 -109 0
5.7 -107 0
5.7 -105 0
5.7 -103 0
5.7 -101 0
5.7 -99 0
5.7 -97 0
5.7 -95 0
5.7 -93 0
5.7 -91 0
5.7 -89 0
5.7 -87 0
5.7 -85 0
5.7 -83 0
5.7 -81 0
5.7 -79 0
5.7 -77 0
5.7 -75 0
5.7 -73 0
5.7 -71 0
5.7 -69 0
5.7 -67 0
5.7 -65 0
5.7 -63 14.3575
5.7 -61 23.2324
5.7 -59 27.3379
5.7 -57 20.366
5.7 -55 19.0296
5.7 -53 23.7654
5.7 -51 17.0813
5.7 -49 0
5.7 -47 0
5.7 -45 0
5.7 -43 0
5.7 -41 0
5.7 -39 0
5.7 -37 0
5.7 -35 0
5.7 -33 0
5.7 -31 0
5.7 -29 0
5.7 -27 0
5.7 -25 0
5.7 -23 0
5.7 -21 0
5.9 -119 0
5.9 -117 0
5.9 -115 0
5.9 -113 0
5.9 -111 0
5.9 -109 0
5.9 -107 0
5.9 -105 0
5.9 -103 0
5.9 -101 0
5.9 -99 0
5.9 -97 0
5.9 -95 0
5.9 -93 0
5.9 -91 0
5.9 -89 0
5.9 -87 0
5.9 -85 0
5.9 -83 0
5.9 -81 0
5.9 -79 0
5.9 -77 0
5.9 -75 0
5.9 -73 0
5.9 -71 0
5.9 -69 0
5.9 -67 0
5.9 -65 0
5.9 -63 17.3313
5.9 -61 28.4141
5.9 -59 27.3223
5.9 -57 26.7385
5.9 -55 25.0918
5.9 -53 18.2303
5.9 -51 13.3334
5.9 -49 0
5.9 -47 0
5.9 -45 0
5.9 -43 0
5.9 -41 0
5.9 -39 0
5.9 -37 0
5.9 -35 0
5.9 -33 0
5.9 -31 0
5.9 -29 0
5.9 -27 0
5.9 -25 0
5.9 -23 0
5.9 -21 0
6.1 -119 0
6.1 -117 0
6.1 -115 0
6.1 -113 0
6.1 -111 0
6.1 -109 0
6.1 -107 0
6.1 -105 0
6.1 -103 0
6.1 -101 0
6.1 -99 0
6.1 -97 0
6.1 -95 0
6.1 -93 0
6.1 -91 0
6.1 -89 0
6.1 -87 0
6.1 -85 0
6.1 -83 0
6.1 -81 0
6.1 -79 0
6.1 -77 0
6.1 -75 0
6.1 -73 0
6.1 -71 0
6.1 -69 0
6.1 -67 0
6.1 -65 0
6.1 -63 16.0303
6.1 -61 13.7141
6.1 -59 16.3793
6.1 -57 14.5334
6.1 -55 8.00384
6.1 -53 8.51805
6.1 -51 11.6219
6.1 -49 0
6.1 -47 0
6.1 -45 0
6.1 -43 0
6.1 -41 0
6.1 -39 0
6.1 -37 0
6.1 -35 0
6.1 -33 0
6.1 -31 0
6.1 -29 0
6.1 -27 0
6.1 -25 0
6.1 -23 0
6.1 -21 0
6.3 -119 0
6.3 -117 0
6.3 -115 0
6.3 -113 0
6.3 -111 0
6.3 -109 0
6.3 -107 0
6.3 -105 0
6.3 -103 0
6.3 -101 0
6.3 -99 0
6.3 -97 0
6.3 -95 0
6.3 -93 0
6.3 -91 0
6.3 -89 0
6.3 -87 0
6.3 -85 0
6.3 -83 0
6.3 -81 0
6.3 -79 0
6.3 -77 0
6.3 -75 0
6.3 -73 0
6.3 -71 0
6.3 -69 0
6.3 -67 0
6.3 -65 0
6.3 -63 11.347
6.3 -61 14.4976
6.3 -59 13.7624
6.3 -57 10.1725
6.3 -55 10.1208
6.3 -53 4.61555
6.3 -51 3.16324
6.3 -49 0
6.3 -47 0
6.3 -45 0
6.3 -43 0
6.3 -41 0
6.3 -39 0
6.3 -37 0
6.3 -35 0
6.3 -33 0
6.3 -31 0
6.3 -29 0
6.3 -27 0
6.3 -25 0
6.3 -23 0
6.3 -21 0
6.5 -119 0
6.5 -117 0
6.5 -115 0
6.5 -113 0
6.5 -111 0
6.5 -109 0
6.5 -107 0
6.5 -105 0
6.5 -103 0
6.5 -101 0
6.5 -99 0
6.5 -97 0
6.5 -95 0
6.5 -93 0
6.5 -91 0
6.5 -89 0
6.5 -87 0
6.5 -85 0
6.5 -83 0
6.5 -81 0
6.5 -79 0
6.5 -77 0
6.5 -75 0
6.5 -73 0
6.5 -71 0
6.5 -69 0
6.5 -67 0
6.5 -65 0
6.5 -63 9.93153
6.5 -61 12.6487
6.5 -59 16.8398
6.5 -57 16.0927
6.5 -55 10.0702
6.5 -53 12.2423
6.5 -51 8.51429
6.5 -49 0
6.5 -47 0
6.5 -45 0
6.5 -43 0
6.5 -41 0
6.5 -39 0
6.5 -37 0
6.5 -35 0
6.5 -33 0
6.5 -31 0
6.5 -29 0
6.5 -27 0
6.5 -25 0
6.5 -23 0
6.5 -21 0
6.7 -119 0
6.7 -117 0
6.7 -115 0
6.7 -113 0
6.7 -111 0
6.7 -109 0
6.7 -107 0
6.7 -105 0
6.7 -103 0
6.7 -101 0
6.7 -99 0
6.7 -97 0
6.7 -95 0
6.7 -93 0
6.7 -91 0
6.7 -89 0
6.7 -87 0
6.7 -85 0
6.7 -83 0
6.7 -81 0
6.7 -79 0
6.7 -77 0
6.7 -75 0
6.7 -73 0
6.7 -71 0
6.7 -69 0
6.7 -67 0
6.7 -65 0
6.7 -63 17.131
6.7 -61 17.6783
6.7 -59 22.1815
6.7 -57 21.2942
6.7 -55 18.7859
6.7 -53 18.8729
6.7 -51 11.4951
6.7 -49 0
6.7 -47 0
6.7 -45 0
6.7 -43 0
6.7 -41 0
6.7 -39 0
6.7 -37 0
6.7 -35 0
6.7 -33 0
6.7 -31 0
6.7 -29 0
6.7 -27 0
6.7 -25 0
6.7 -23 0
6.7 -21 0
6.9 -119 0
6.9 -117 0
6.9 -115 0
6.9 -113 0
6.9 -111 0
6.9 -109 0
6.9 -107 0
6.9 -105 0
6.9 -103 0
6.9 -101 0
6.9 -99 0
6.9 -97 0
6.9 -95 0
6.9 -93 0
6.9 -91 0
6.9 -89 0
6.9 -87 0
6.9 -85 0
6.9 -83 0
6.9 -81 0
6.9 -79 0
6.9 -77 0
6.9 -75 0
6.9 -73 0
6.9 -71 0
6.9 -69 0
6.9 -67 0
6.9 -65 0
6.9 -63 11.6139
6.9 -61 20.9035
6.9 -59 16.5254
6.9 -57 16.2831
6.9 -55 14.0548
6.9 -53 8.8207
6.9 -51 6.46983
6.9 -49 0
6.9 -47 0
6.9 -45 0
6.9 -43 0
6.9 -41 0
6.9 -39 0
6.9 -37 0
6.9 -35 0
6.9 -33 0
6.9 -31 0
6.9 -29 0
6.9 -27 0
6.9 -25 0
6.9 -23 0
6.9 -21 0
7.1 -119 0
7.1 -117 0
7.1 -115 0
7.1 -113 0
7.1 -111 0
7.1 -109 0
7.1 -107 0
7.1 -105 0
7.1 -103 0
7.1 -101 0
7.1 -99 0
7.1 -97 0
7.1 -95 0
7.1 -93 0
7.1 -91 0
7.1 -89 0
7.1 -87 0
7.1 -85 0
7.1 -83 0
7.1 -81 0
7.1 -79 0
7.1 -77 0
7.1 -75 0
7.1 -73 0
7.1 -71 0
7.1 -69 0
7.1 -67 0
7.1 -65 0
7.1 -63 9.94666
7.1 -61 10.6913
7.1 -59 14.7412
7.1 -57 10.0859
7.1 -55 10.0191
7.1 -53 6.73771
7.1 -51 8.0148
7.1 -49 0
7.1 -47 0
7.1 -45 0
7.1 -43 0
7.1 -41 0
7.1 -39 0
7.1 -37 0
7.1 -35 0
7.1 -33 0
7.1 -31 0
7.1 -29 0
7.1 -27 0
7.1 -25 0
7.1 -23 0
7.1 -21 0
7.3 -119 0
7.3 -117 0
7.3 -115 0
7.3 -113 0
7.3 -111 0
7.3 -109 0
7.3 -107 0
7.3 -105 0
7.3 -103 0
7.3 -101 0
7.3 -99 0
7.3 -97 0
7.3 -95 0
7.3 -93 0
7.3 -91 0
7.3 -89 0
7.3 -87 0
7.3 -85 0
7.3 -83 0
7.3 -81 0
7.3 -79 0
7.3 -77 0
7.3 -75 0
7.3 -73 0
7.3 -71 0
7.3 -69 0
7.3 -67 0
7.3 -65 0
7.3 -63 20.1305
7.3 -61 27.6108
7.3 -59 19.3673
7.3 -57 17.2694
7.3 -55 8.51302
7.3 -53 9.62661
7.3 -51 11.2569
7.3 -49 0
7.3 -47 0
7.3 -45 0
7.3 -43 0
7.3 -41 0
7.3 -39 0
7.3 -37 0
7.3 -35 0
7.3 -33 0
7.3 -31 0
7.3 -29 0
7.3 -27 0
7.3 -25 0
7.3 -23 0
7.3 -21 0
7.5 -119 0
7.5 -117 0
7.5 -115 0
7.5 -113 0
7.5 -111 0
7.5 -109 0
7.5 -107 0
7.5 -105 0
7.5 -103 0
7.5 -101 0
7.5 -99 0
7.5 -97 0
7.5 -95 0
7.5 -93 0
7.5 -91 0
7.5 -89 0
7.5 -87 0
7.5 -85 0
7.5 -83 0
7.5 -81 0
7.5 -79 0
7.5 -77 0
7.5 -75 0
7.5 -73 0
7.5 -71 0
7.5 -69 0
7.5 -67 0
7.5 -65 0
7.5 -63 8.90415
7.5 -61 16.1933
7.5 -59 14.0518
7.5 -57 10.397
7.5 -55 11.5245
7.5 -53 6.87809
7.5 -51 3.92191
7.5 -49 0
7.5 -47 0
7.5 -45 0
7.5 -43 0
7.5 -41 0
7.5 -39 0
7.5 -37 0
7.5 -35 0
7.5 -33 0
7.5 -31 0
7.5 -29 0
7.5 -27 0
7.5 -25 0
7.5 -23 0
7.5 -21 0
7.7 -119 0
7.7 -117 0
7.7 -115 0
7.7 -113 0
7.7 -111 0
7.7 -109 0
7.7 -107 0
7.7 -105 0
7.7 -103 0
7.7 -101 0
7.7 -99 0
7.7 -97 0
7.7 -95 0
7.7 -93 0
7.7 -91 0
7.7 -89 0
7.7 -87 0
7.7 -85 0
7.7 -83 0
7.7 -81 0
7.7 -79 0
7.7 -77 0
7.7 -75 0
7.7 -73 0
7.7 -71 0
7.7 -69 0
7.7 -67 0
7.7 -65 0
7.7 -63 13.2916
7.7 -61 12.1474
7.7 -59 12.9427
7.7 -57 10.3083
7.7 -55 8.48708
7.7 -53 7.69792
7.7 -51 6.44921
7.7 -49 0
7.7 -47 0
7.7 -45 0
7.7 -43 0
7.7 -41 0
7.7 -39 0
7.7 -37 0
7.7 -35 0
7.7 -33 0
7.7 -31 0
7.7 -29 0
7.7 -27 0
7.7 -25 0
7.7 -23 0
7.7 -21 0
7.9 -119 0
7.9 -117 0
7.9 -115 0
7.9 -113 0
7.9 -111 0
7.9 -109 0
7.9 -107 0
7.9 -105 0
7.9 -103 0
7.9 -101 0
7.9 -99 0
7.9 -97 0
7.9 -95 0
7.9 -93 0
7.9 -91 0
7.9 -89 0
7.9 -87 0
7.9 -85 0
7.9 -83 0
7.9 -81 0
7.9 -79 0
7.9 -77 0
7.9 -75 0
7.9 -73 0
7.9 -71 0
7.9 -69 0
7.9 -67 0
7.9 -65 0
7.9 -63 10.9209
7.9 -61 17.3956
7.9 -59 11.1036
7.9 -57 12.3477
7.9 -55 5.34182
7.9 -53 3.82787
7.9 -51 5.72286
7.9 -49 0
7.9 -47 0
7.9 -45 0
7.9 -43 0
7.9 -41 0
7.9 -39 0
7.9 -37 0
7.9 -35 0
7.9 -33 0
7.9 -31 0
7.9 -29 0
7.9 -27 0
7.9 -25 0
7.9 -23 0
7.9 -21 0
8.1 -119 0
8.1 -117 0
8.1 -115 0
8.1 -113 0
8.1 -111 0
8.1 -109 0
8.1 -107 0
8.1 -105 0
8.1 -103 0
8.1 -101 0
8.1 -99 0
8.1 -97 0
8.1 -95 0
8.1 -93 0
8.1 -91 0
8.1 -89 0
8.1 -87 0
8.1 -85 0
8.1 -83 0
8.1 -81 0
8.1 -79 0
8.1 -77 0
8.1 -75 0
8.1 -73 0
8.1 -71 0
8.1 -69 0
8.1 -67 0
8.1 -65 0
8.1 -63 13.2375
8.1 -61 11.234
8.1 -59 17.6924
8.1 -57 19.1629
8.1 -55 12.9779
8.1 -53 10.9872
8.1 -51 11.6056
8.1 -49 0
8.1 -47 0
8.1 -45 0
8.1 -43 0
8.1 -41 0
8.1 -39 0
8.1 -37 0
8.1 -35 0
8.1 -33 0
8.1 -31 0
8.1 -29 0
8.1 -27 0
8.1 -25 0
8.1 -23 0
8.1 -21 0
8.3 -119 0
8.3 -117 0
8.3 -115 0
8.3 -113 0
8.3 -111 0
8.3 -109 0
8.3 -107 0
8.3 -105 0
8.3 -103 0
8.3 -101 0
8.3 -99 0
8.3 -97 0
8.3 -95 0
8.3 -93 0
8.3 -91 0
8.3 -89 0
8.3 -87 0
8.3 -85 0
8.3 -83 0
8.3 -81 0
8.3 -79 0
8.3 -77 0
8.3 -75 0
8.3 -73 0
8.3 -71 0
8.3 -69 0
8.3 -67 0
8.3 -65 0
8.3 -63 11.5208
8.3 -61 11.2246
8.3 -59 12.2241
8.3 -57 12.0952
8.3 -55 7.92535
8.3 -53 10.2774
8.3 -51 7.78122
8.3 -49 0
8.3 -47 0
8.3 -45 0
8.3 -43 0
8.3 -41 0
8.3 -39 0
8.3 -37 0
8.3 -35 0
8.3 -33 0
8.3 -31 0
8.3 -29 0
8.3 -27 0
8.3 -25 0
8.3 -23 0
8.3 -21 0
8.5 -119 0
8.5 -117 0
8.5 -115 0
8.5 -113 0
8.5 -111 0
8.5 -109 0
8.5 -107 0
8.5 -105 0
8.5 -103 0
8.5 -101 0
8.5 -99 0
8.5 -97 0
8.5 -95 0
8.5 -93 0
8.5 -91 0
8.5 -89 0
8.5 -87 0
8.5 -85 0
8.5 -83 0
8.5 -81 0
8.5 -79 0
8.5 -77 0
8.5 -75 0
8.5 -73 0
8.5 -71 0
8.5 -69 0
8.5 -67 0
8.5 -65 0
8.5 -63 10.3362
8.5 -61 11.5109
8.5 -59 9.19081
8.5 -57 5.85167
8.5 -55 2.02517
8.5 -53 2.71986
8.5 -51 2.68805
8.5 -49 0
8.5 -47 0
8.5 -45 0
8.5 -43 0
8.5 -41 0
8.5 -39 0
8.5 -37 0
8.5 -35 0
8.5 -33 0
8.5 -31 0
8.5 -29 0
8.5 -27 0
8.5 -25 0
8.5 -23 0
8.5 -21 0
8.7 -119 0
8.7 -117 0
8.7 -115 0
8.7 -113 0
8.7 -111 0
8.7 -109 0
8.7 -107 0
8.7 -105 0
8.7 -103 0
8.7 -101 0
8.7 -99 0
8.7 -97 0
8.7 -95 0
8.7 -93 0
8.7 -91 0
8.7 -89 0
8.7 -87 0
8.7 -85 0
8.7 -83 0
8.7 -81 0
8.7 -79 0
8.7 -77 0
8.7 -75 0
8.7 -73 0
8.7 -71 0
8.7 -69 0
8.7 -67 0
8.7 -65 0
8.7 -63 6.57437
8.7 -61 2.70316
8.7 -59 6.92119
8.7 -57 5.03272
8.7 -55 4.53786
8.7 -53 6.55139
8.7 -51 6.09911
8.7 -49 0
8.7 -47 0
8.7 -45 0
8.7 -43 0
8.7 -41 0
8.7 -39 0
8.7 -37 0
8.7 -35 0
8.7 -33 0
8.7 -31 0
8.7 -29 0
8.7 -27 0
8.7 -25 0
8.7 -23 0
8.7 -21 0
8.9 -119 0
8.9 -117 0
8.9 -115 0
8.9 -113 0
8.9 -111 0
8.9 -109 0
8.9 -107 0
8.9 -105 0
8.9 -103 0
8.9 -101 0
8.9 -99 0
8.9 -97 0
8.9 -95 0
8.9 -93 0
8.9 -91 0
8.9 -89 0
8.9 -87 0
8.9 -85 0
8.9 -83 0
8.9 -81 0
8.9 -79 0
8.9 -77 0
8.9 -75 0
8.9 -73 0
8.9 -71 0
8.9 -69 0
8.9 -67 0
8.9 -65 0
8.9 -63 11.6935
8.9 -61 11.8569
8.9 -59 9.30103
8.9 -57 10.3233
8.9 -55 6.4086
8.9 -53 8.22756
8.9 -51 10.3233
8.9 -49 0
8.9 -47 0
8.9 -45 0
8.9 -43 0
8.9 -41 0
8.9 -39 0
8.9 -37 0
8.9 -35 0
8.9 -33 0
8.9 -31 0
8.9 -29 0
8.9 -27 0
8.9 -25 0
8.9 -23 0
8.9 -21 0
9.1 -119 0
9.1 -117 0
9.1 -115 0
9.1 -113 0
9.1 -111 0
9.1 -109 0
9.1 -107 0
9.1 -105 0
9.1 -103 0
9.1 -101 0
9.1 -99 0
9.1 -97 0
9.1 -95 0
9.1 -93 0
9.1 -91 0
9.1 -89 0
9.1 -87 0
9.1 -85 0
9.1 -83 0
9.1 -81 0
9.1 -79 0
9.1 -77 0
9.1 -75 0
9.1 -73 0
9.1 -71 0
9.1 -69 0
9.1 -67 0
9.1 -65 0
9.1 -63 5.29199
9.1 -61 10.993
9.1 -59 7.864
9.1 -57 7.12019
9.1 -55 8.3528
9.1 -53 6.53564
9.1 -51 3.73254
9.1 -49 0
9.1 -47 0
9.1 -45 0
9.1 -43 0
9.1 -41 0
9.1 -39 0
9.1 -37 0
9.1 -35 0
9.1 -33 0
9.1 -31 0
9.1 -29 0
9.1 -27 0
9.1 -25 0
9.1 -23 0
9.1 -21 0
9.3 -119 0
9.3 -117 0
9.3 -115 0
9.3 -113 0
9.3 -111 0
9.3 -109 0
9.3 -107 0
9.3 -105 0
9.3 -103 0
9.3 -101 0
9.3 -99 0
9.3 -97 0
9.3 -95 0
9.3 -93 0
9.3 -91 0
9.3 -89 0
9.3 -87 0
9.3 -85 0
9.3 -83 0
9.3 -81 0
9.3 -79 0
9.3 -77 0
9.3 -75 0
9.3 -73 0
9.3 -71 0
9.3 -69 0
9.3 -67 0
9.3 -65 0
9.3 -63 6.70407
9.3 -61 6.57053
9.3 -59 3.99714
9.3 -57 8.64247
9.3 -55 6.81464
9.3 -53 4.84016
9.3 -51 3.37022
9.3 -49 0
9.3 -47 0
9.3 -45 0
9.3 -43 0
9.3 -41 0
9.3 -39 0
9.3 -37 0
9.3 -35 0
9.3 -33 0
9.3 -31 0
9.3 -29 0
9.3 -27 0
9.3 -25 0
9.3 -23 0
9.3 -21 0
9.5 -119 0
9.5 -117 0
9.5 -115 0
9.5 -113 0
9.5 -111 0
9.5 -109 0
9.5 -107 0
9.5 -105 0
9.5 -103 0
9.5 -101 0
9.5 -99 0
9.5 -97 0
9.5 -95 0
9.5 -93 0
9.5 -91 0
9.5 -89 0
9.5 -87 0
9.5 -85 0
9.5 -83 0
9.5 -81 0
9.5 -79 0
9.5 -77 0
9.5 -75 0
9.5 -73 0
9.5 -71 0
9.5 -69 0
9.5 -67 0
9.5 -65 0
9.5 -63 2.65093
9.5 -61 1.95337
9.5 -59 3.73464
9.5 -57 0.0891572
9.5 -55 0.590896
9.5 -53 0
9.5 -51 0
9.5 -49 0
9.5 -47 0
9.5 -45 0
9.5 -43 0
9.5 -41 0
9.5 -39 0
9.5 -37 0
9.5 -35 0
9.5 -33 0
9.5 -31 0
9.5 -29 0
9.5 -27 0
9.5 -25 0
9.5 -23 0
9.5 -21 0
9.7 -119 0
9.7 -117 0
9.7 -115 0
9.7 -113 0
9.7 -111 0
9.7 -109 0
9.7 -107 0
9.7 -105 0
9.7 -103 0
9.7 -101 0
9.7 -99 0
9.7 -97 0
9.7 -95 0
9.7 -93 0
9.7 -91 0
9.7 -89 0
9.7 -87 0
9.7 -85 0
9.7 -83 0
9.7 -81 0
9.7 -79 0
9.7 -77 0
9.7 -75 0
9.7 -73 0
9.7 -71 0
9.7 -69 0
9.7 -67 0
9.7 -65 0
9.7 -63 7.2113
9.7 -61 5.50332
9.7 -59 6.18285
9.7 -57 2.72781
9.7 -55 1.35626
9.7 -53 1.55826
9.7 -51 1.26472
9.7 -49 0
9.7 -47 0
9.7 -45 0
9.7 -43 0
9.7 -41 0
9.7 -39 0
9.7 -37 0
9.7 -35 0
9.7 -33 0
9.7 -31 0
9.7 -29 0
9.7 -27 0
9.7 -25 0
9.7 -23 0
9.7 -21 0
9.9 -119 0
9.9 -117 0
9.9 -115 0
9.9 -113 0
9.9 -111 0
9.9 -109 0
9.9 -107 0
9.9 -105 0
9.9 -103 0
9.9 -101 0
9.9 -99 0
9.9 -97 0
9.9 -95 0
9.9 -93 0
9.9 -91 0
9.9 -89 0
9.9 -87 0
9.9 -85 0
9.9 -83 0
9.9 -81 0
9.9 -79 0
9.9 -77 0
9.9 -75 0
9.9 -73 0
9.9 -71 0
9.9 -69 0
9.9 -67 0
9.9 -65 0
9.9 -63 6.4184
9.9 -61 8.43718
9.9 -59 7.97229
9.9 -57 7.77111
9.9 -55 7.00068
9.9 -53 5.60651
9.9 -51 7.34025
9.9 -49 0
9.9 -47 0
9.9 -45 0
9.9 -43 0
9.9 -41 0
9.9 -39 0
9.9 -37 0
9.9 -35 0
9.9 -33 0
9.9 -31 0
9.9 -29 0
9.9 -27 0
9.9 -25 0
9.9 -23 0
9.9 -21 0
